<<<<<<< HEAD
2022-07-04 11:01:34	haha
mIoU:[22.812304923939358, 33.71670022374907, 39.29737296577588, 42.586799267593975, 44.8437655389538, 46.607728925459966, 48.015090852890744, 49.09361763800956, 49.91331494210029, 50.54084960375249, 50.98682062255935, 51.28501197900084, 51.45238738683744, 51.48942971378535, 51.40257161901361, 51.21224948677252, 50.93957417868818, 50.58663806567881, 50.15173385909476, 49.65820156415783, 49.110073875654805, 48.50691586366063, 47.85381654758547, 47.15912027896864, 46.42824351764537, 45.664081068048404, 44.86949283815028, 44.040016106794724, 43.17740726642005, 42.27672227442806, 41.347845448174034, 40.405505762868835, 39.450981847842776, 38.487612013413134, 37.51829777728681, 36.54708789424886, 35.57983209299039, 34.61150692475555, 33.640479207719245, 32.6676965337672, 31.701401961576614, 30.738841729815093, 29.7755841432489, 28.813892349972736, 27.857276413818088, 26.902994863695213, 25.95935894102736, 25.033710125908854, 24.120434517724668, 23.219025164021737, 22.333733884315972, 21.47076245268271, 20.627691766498344, 19.805618710898308, 19.00501637056037, 18.224666278559212, 17.462950942527502, 16.718130171812074, 15.991517410019007, 15.291540227601324]  
=======
2022-07-03 00:36:30	haha
mIoU:[22.96712748800582, 34.013495919979476, 38.262046016015944, 41.2176103808853, 43.47560317644098, 45.28682901250238, 46.769403201024126, 47.97853894346932, 49.02637915163373, 49.89273148887053, 50.63168114181424, 51.24906823954356, 51.76479070365906, 52.15783984043698, 52.443324659566, 52.64935987525733, 52.760104518933026, 52.788860074333165, 52.74243559579632, 52.60492319494807, 52.38255432628522, 52.0869873272918, 51.73968504755505, 51.337778210401, 50.87367516002368, 50.371689341878614, 49.82403689754268, 49.22474146501687, 48.60359587851636, 47.943889316134694, 47.236757191225315, 46.49240666226112, 45.72377414949041, 44.92815480745775, 44.098169250826096, 43.23643339891519, 42.35123719850267, 41.46970072417639, 40.57315710633022, 39.66737941060572, 38.74461064560273, 37.81396654151196, 36.87343317208762, 35.931183598943214, 34.99050046250509, 34.03571719689576, 33.07471933188119, 32.11614066606715, 31.14747877070168, 30.191499736728893, 29.26246298439286, 28.35013599257352, 27.44234377851616, 26.54132242010513, 25.648735502610087, 24.7653137150734, 23.90679735128517, 23.063923943530483, 22.239963131191796, 21.44155343402938, 20.648525630705443, 19.865472748107216, 19.08864127208351, 18.325192603263524, 17.57468846543565, 16.839711635277528, 16.120603845400893, 15.416495031565505, 14.740248529485836, 14.084142634799592, 13.451173246463233, 12.84101182789369, 12.247455881406417, 11.671683448330507, 11.111351159748807, 10.565886273761912, 10.034389393981174, 9.524254985580392, 9.033413202467713, 8.569394646473711, 8.134584865918537, 7.722740531676919, 7.327804650187569, 6.960263970817632, 6.61077416606284, 6.281617246630813, 5.96927755821834, 5.673251887736427, 5.3985901078267835, 5.145180242984228, 4.905186123840929, 4.68138046549789, 4.473629284848829, 4.284877050014274, 4.116777757529498, 3.9651063460765656, 3.834419235466572, 3.7195700656426016, 3.6211154600080455, 3.5445223302357207]  
=====================================
2022-07-03 11:49:51	haha
mIoU:[22.94865335532468, 30.55848008749579, 35.95675624404472, 39.620885409250455, 42.331734262222795, 44.430646664354754, 46.094483944557716, 47.38892082567783, 48.419396287062774, 49.24664787966251, 49.873124044186234, 50.306338520731806, 50.59570229876355, 50.7525982017634, 50.791083346854826, 50.72188874500652, 50.55321237310216, 50.28624420919241, 49.92595569881271, 49.4865875495774, 48.992767800514855, 48.43226537485179, 47.81261651606265, 47.13746327338434, 46.404150648800396, 45.62175506353181, 44.78814538466141, 43.92990826289669, 43.03877999877654, 42.112122320897704, 41.16785110074134, 40.20430235982793, 39.23000652886402, 38.24430722121469, 37.25382093755943, 36.255269965979316, 35.24635237522663, 34.23500067192573, 33.22603690971716, 32.227494415117874, 31.242083803950848, 30.26680798972216, 29.297173409884014, 28.341106705987634, 27.396858425971054, 26.463295994788876, 25.54789187968497, 24.65241547202022, 23.76266560068561, 22.885282746407842, 22.021593332424935, 21.17041700477761, 20.34103256927657, 19.528788284526584, 18.73886060718785, 17.97336731747982, 17.231022430423145, 16.509072039718365, 15.805487320942376, 15.119314751813793, 14.453553380060638, 13.814441528223284, 13.194284158511712, 12.598545166020914, 12.025077828546081, 11.472221002720346, 10.941102922934306, 10.427601575361102, 9.939547644786629, 9.474534995462394, 9.032457793034698, 8.610090603623759, 8.209141244414225, 7.825653962620853, 7.467399789052058, 7.128533768619036, 6.807197105193675, 6.50322354479989, 6.218913167021224, 5.95430076603226, 5.706735931366193, 5.476857562114926, 5.264142965384931, 5.065956724129391, 4.880108480920539, 4.706991733762464, 4.5475527664218935, 4.401586325327807, 4.268175146312394, 4.146664489102586, 4.035518423468237, 3.936490991998593, 3.8478397204716996, 3.770895028230005, 3.70406426878502, 3.6458729206697904, 3.596547478969155, 3.556859259806914, 3.5271895039620893, 3.5066148219528213]  
>>>>>>> f488fca992171af95b3b34947be323f6ef453a80
=====================================
2022-07-08 11:43:14	haha
mIoU:[22.24921965959156, 29.295422685153966, 34.38654586855243, 37.815814272960516, 40.28516127809558, 42.18366233703475, 43.68499391140004, 44.90647269045688, 45.88228541686375, 46.66341217410992, 47.25456704558872, 47.68432060983152, 47.962186024052286, 48.118631432219644, 48.16664278107464, 48.093746011436664, 47.90949995907231, 47.620519863975225, 47.23442236590752, 46.76524807333862, 46.221666052837435, 45.604692883458384, 44.93292362358198, 44.20377343505913, 43.409554543026864, 42.56393315409677, 41.67015076301428, 40.73696529169189, 39.772161741713234, 38.782562778456466, 37.771239523514744, 36.74522566313718, 35.70424756751682, 34.65806526856038, 33.61291362431069, 32.56494074161414, 31.513411059131464, 30.467113056888024, 29.432896399543644, 28.4048583038174, 27.38723990295008, 26.389587625477713, 25.41065140281486, 24.44987993160919, 23.508834029890778, 22.585572069451, 21.68384515933286, 20.798794756125044, 19.935269742482557, 19.093648656090792, 18.276483364466426, 17.485211252285882, 16.725203585932793, 15.99196669768057, 15.28097033725847, 14.59362356012272, 13.931637111766603, 13.296269672338767, 12.68551565306073, 12.098793878738524]  
=====================================
2022-07-10 19:03:05	haha
mIoU:[22.71775899165495, 35.38184373391029, 40.23129107220949, 43.226126641674966, 45.37486322151314, 47.048941740770786, 48.358897540050016, 49.36480742525327, 50.13835283335176, 50.718685556458254, 51.12352500586456, 51.38106016089278, 51.505858771726984, 51.504071272703634, 51.379865984887644, 51.16128588249554, 50.86339669370916, 50.48311120435757, 50.02790023260347, 49.51856427408635, 48.95277441208633, 48.33195419950399, 47.669507336762265, 46.967857081148246, 46.23050398201392, 45.45847055030112, 44.65846218761694, 43.81865035821981, 42.95063620447875, 42.0461791248671, 41.11747378110972, 40.17626846160176, 39.22333926997894, 38.262904791226404, 37.29615880183756, 36.327411130495676, 35.36298956153341, 34.396556432873844, 33.427400441353875, 32.458518568209186, 31.49498061009288, 30.53562872955237, 29.574771148582467, 28.614885607351965, 27.661403949082224, 26.71036642719934, 25.774152319511227, 24.85476274275393, 23.94775693728308, 23.051432775983134, 22.175237392736992, 21.319296372925802, 20.483886650702356, 19.668726615125433, 18.874425798140283, 18.100411875791504, 17.341535358811942, 16.60319220596897, 15.883722728376004, 15.189775585298712]  
=====================================
2022-07-12 12:59:03	haha
mIoU:[22.70109941897388, 33.82204513487406, 38.90507062329204, 42.13988568790827, 44.51216306632752, 46.31551239517406, 47.70792272614446, 48.815209622395656, 49.68129926356998, 50.32251193993539, 50.785765930658776, 51.08772678638985, 51.237401572220776, 51.264688787653846, 51.17911005636137, 50.99491348772796, 50.72523525117859, 50.37737024918519, 49.956821808235105, 49.47028610652166, 48.94169896171089, 48.36044428004176, 47.71573592585576, 47.0158104203722, 46.260782816316, 45.46823946739923, 44.64059319429666, 43.778613635744264, 42.893305661140715, 41.97661833201726, 41.04034091338741, 40.084817206969056, 39.12324052371365, 38.151004490915746, 37.17274169359032, 36.191425334237614, 35.20733844772144, 34.218194977749796, 33.22808114807009, 32.23676349642565, 31.24685700898835, 30.253051177167755, 29.27314149038047, 28.299564663954772, 27.33243610163293, 26.38132208506147, 25.442490675325725, 24.522122387939067, 23.61676406198867, 22.728751736975422, 21.863137576567475, 21.020914193056207, 20.196447469553615, 19.388202064398268, 18.605142231898512, 17.84080007422481, 17.096241612769855, 16.371166923946102, 15.671277175997089, 14.993813038378795]  
=====================================
2022-07-13 23:21:45	haha
mIoU:[22.42770349937891, 35.44982224694592, 37.888192668722525, 39.80017904490274, 41.36303196257975, 42.64346850181808, 43.69628200252343, 44.546013617209205, 45.2207024322294, 45.747127493606996, 46.14008435298296, 46.428002512611826, 46.61705474615476, 46.73143701163613, 46.75753204946738, 46.70027032326738, 46.56890295010167, 46.384790827825434, 46.14029941956441, 45.838524153676154, 45.47110012192614, 45.04334262808984, 44.55525277657173, 44.015577101394456, 43.43364396934483, 42.81630512510966, 42.145910826069624, 41.42681454520311, 40.67485453548378, 39.88671471523772, 39.07699081582119, 38.24004419184681, 37.37080191953547, 36.48144966726414, 35.5748363147217, 34.658907747561415, 33.73311326151188, 32.79929842880778, 31.857966579881964, 30.904360655642865, 29.949485243049512, 28.99827425984187, 28.050526529445968, 27.105007950716082, 26.172098146002288, 25.250794008645478, 24.344813536415323, 23.446975263187074, 22.560857186133955, 21.688345526377972, 20.831275577286736, 19.983558028598043, 19.151865736807647, 18.343633296108962, 17.561672867189227, 16.802752284028685, 16.067546968625347, 15.349833084787893, 14.656988978181094, 13.989652671656778]  
=====================================
2022-07-14 18:03:20	haha
mIoU:[23.14437498244391, 30.18790958506412, 35.17149675916533, 38.66598043294183, 41.34869727946727, 43.49555520532844, 45.22079733154852, 46.62272739130863, 47.73324614391414, 48.59223414531573, 49.236085138366384, 49.70097345039846, 49.9727222672396, 50.09186538712525, 50.08896762623563, 49.95959605012577, 49.71730253974332, 49.38591162374784, 48.97465285522306, 48.48712596865519, 47.93430662894409, 47.31410593530799, 46.64370766770793, 45.93339582236641, 45.19452701009723, 44.41342846452132, 43.58577480550683, 42.725827809502206, 41.84071864809842, 40.919389420298266, 39.97173149871343, 39.00307131315957, 38.01975316926928, 37.01788958936254, 36.014179956395104, 35.008309185608844, 34.00175652453372, 32.98932560166272, 31.982033977580297, 30.97649322096422, 29.973795560140932, 28.97692933040507, 27.990318278930648, 27.01233581626476, 26.049453865873645, 25.093629869782085, 24.15619567512106, 23.24056527105005, 22.348331535308276, 21.47695323908533, 20.623185745633176, 19.791476364353986, 18.987254246913704, 18.211952512885826, 17.464782199143045, 16.737493041694844, 16.03231574112702, 15.347740640017863, 14.68585687531006, 14.053328430135108]  
=====================================
2022-07-15 12:30:47	haha
mIoU:[23.449491331619875, 37.11312564137445, 44.23063532421263, 48.66304030453961, 51.58265185801994, 53.518235513060965, 54.82333181332778, 55.645788084589064, 56.10933502882253, 56.267552241183495, 56.170054648474654, 55.86232000525557, 55.366643870709645, 54.73026297071242, 53.980811096757655, 53.13688175224447, 52.22767484967347, 51.24806639053298, 50.218585784421, 49.13049351292495, 48.008837592103795, 46.853701898012, 45.68687882593205, 44.51085041125336, 43.334599465152394, 42.15002080727169, 40.96351090989449, 39.78352133909186, 38.60266531550054, 37.42513916586415, 36.251196602843564, 35.08845921358381, 33.9302098370782, 32.784170384360394, 31.659132478517638, 30.553325924903113, 29.469482012390756, 28.404055112162972, 27.35982323961979, 26.33278116182551, 25.32693646379471, 24.345534955281853, 23.388789211621987, 22.448423511983403, 21.53058149912511, 20.634234106521625, 19.762948451674927, 18.921327614636265, 18.1042644077969, 17.320090671210455, 16.5662557540378, 15.843812973757633, 15.150919452110386, 14.483207095235038, 13.844976123783406, 13.235719252455514, 12.652189005284708, 12.088859904428787, 11.549135904972072, 11.030665915178409]  
=====================================
2022-07-15 12:39:56	haha
mIoU:[23.05297750105825, 35.85067316566789, 42.78504776705721, 47.09380536390308, 50.00746918046695, 51.93787469406369, 53.233021490654245, 54.079785857971196, 54.58130821929655, 54.79466167583617, 54.77323757557701, 54.54864272115623, 54.15432070137251, 53.614248619400854, 52.954352318286205, 52.18912226135141, 51.349663596825515, 50.43222450569825, 49.44453923190017, 48.400115793733924, 47.31845255840669, 46.205362315663784, 45.07340966110529, 43.92889751208585, 42.78085162341716, 41.622770824046704, 40.45337161183977, 39.27331994997082, 38.10702058019497, 36.94512521393668, 35.79599056197413, 34.65406993038322, 33.52529687960751, 32.407346286106524, 31.301635336501764, 30.208470635407416, 29.131011188284795, 28.07418522028039, 27.03934484128133, 26.033199940943625, 25.051549717961674, 24.089524773425854, 23.145985163411893, 22.23606734385979, 21.35222360771745, 20.500337634372386, 19.675017218756047, 18.875257188631235, 18.101083801917234, 17.358345545557302, 16.645194390694858, 15.953238474746744, 15.285404956884571, 14.639292937907808, 14.012453585129, 13.406529144417597, 12.82381957673047, 12.256856825376621, 11.716420999221839, 11.19991286873854]  
=====================================
2022-07-15 13:20:46	haha
mIoU:[23.09505373487064, 35.82753884500392, 42.735686532627454, 47.0824667290964, 50.04136190459805, 52.0527694261, 53.426315052138406, 54.33753230205648, 54.89502129405411, 55.1671229141497, 55.176782329845096, 54.981892248905304, 54.60940348745128, 54.102676760623055, 53.483863583646766, 52.76280772670353, 51.95962996918283, 51.07139102506656, 50.12403903849246, 49.13786064556217, 48.11079207177604, 47.04448912319857, 45.943795422953926, 44.83328511064188, 43.709610300880925, 42.57082019480746, 41.42580950057845, 40.27130625820963, 39.117445923069866, 37.96645211167509, 36.826589852762694, 35.69262710083182, 34.56150477754355, 33.434705939693714, 32.316415083675615, 31.222687506528924, 30.1495126425623, 29.09396254062123, 28.055477953858404, 27.034103584242253, 26.025625333310252, 25.04016601562941, 24.082682778677476, 23.144518686712654, 22.231682388539305, 21.34838423844557, 20.49289473373243, 19.662183865623597, 18.857497070528225, 18.082803650793977, 17.337513323710976, 16.618687380049167, 15.922013605467233, 15.246511308575128, 14.592294152416327, 13.961901498184815, 13.357289639783373, 12.777033037693139, 12.219324183202335, 11.682744313238166]  
=====================================
2022-07-15 13:37:09	haha
mIoU:[23.50424955720766, 36.98956863539945, 44.075438447279, 48.46107860029016, 51.419215246500706, 53.43658038663692, 54.822247275116794, 55.69826253735085, 56.218529076263565, 56.44815623465037, 56.42912241638174, 56.18165601400427, 55.75183231583372, 55.174022224336824, 54.49374854865589, 53.71586215798323, 52.840653856112475, 51.904648177610646, 50.89900898483394, 49.830670831798166, 48.73352907988292, 47.61619453839657, 46.47241401031557, 45.3158708272522, 44.153761884546775, 42.99595008845957, 41.83791851867832, 40.68447756839549, 39.53092716195864, 38.38838997800749, 37.24138894641129, 36.087564577559014, 34.93425633953358, 33.79704772432785, 32.67180044262678, 31.56289574920878, 30.46580554351782, 29.39477598500516, 28.336806984054867, 27.304916542202946, 26.292171174680735, 25.301015149826945, 24.329724814071348, 23.378455870435396, 22.445055129044466, 21.533172314122087, 20.644932657541524, 19.787378592072134, 18.957729227029525, 18.15570026654828, 17.38196062298206, 16.634512585060218, 15.914636024064269, 15.22500803735854, 14.561288669429812, 13.921309687982603, 13.304380143726346, 12.712346276221403, 12.145209551244928, 11.602230807717413]  
=====================================
2022-07-17 12:57:15	haha
mIoU:[22.87383060778005, 25.855615386893305, 29.331262570241034, 32.19323155394512, 34.53418271891619, 36.41152834701889, 37.889944894525804, 39.02230340334293, 39.88781724608556, 40.494523718892694, 40.879620405826685, 41.084226867068644, 41.0964828209818, 40.91483346210811, 40.57255337566723, 40.12778634556674, 39.64410079694714, 39.09815502481008, 38.46840835867085, 37.800943505436074, 37.10169620272437, 36.41450533337435, 35.73794107486508, 35.047378284112305, 34.349085038811026, 33.65980410399799, 32.9467220862347, 32.21237888637732, 31.45625668808653, 30.693467200215817, 29.918074868770255, 29.14080064977303, 28.37424554670429, 27.600779036894252, 26.816305401741747, 26.032744352480165, 25.245804947797268, 24.481241925197185, 23.72005516051459, 22.97319541664727, 22.249271354712118, 21.53824062261714, 20.859028085525956, 20.187293614145467, 19.52976658368531, 18.87600223938691, 18.23458159430129, 17.611731292379957, 17.003238510561893, 16.403642087321245, 15.81606996681344, 15.242143306853736, 14.68255645933744, 14.135477729304649, 13.598138267700143, 13.072530997163328, 12.566975121488234, 12.081316082898596, 11.612980660752804, 11.159766388217614]  
=====================================
2022-07-18 16:47:33	haha
mIoU:[22.58575998216227, 22.82855348070688, 23.48229480529013, 24.487106183033795, 25.812633686518083, 27.38493190793525, 29.12352334330286, 30.97298915944919, 32.86499443189006, 34.84194298837164, 36.840147557877195, 38.785645874370836, 40.65310455512511, 42.41391800744448, 44.067995634672165, 45.60925335413917, 47.03199263651862, 48.371896920034885, 49.64012765908842, 50.80724240682112, 51.8845524085356, 52.872995979886696, 53.764686474939715, 54.59664358351436, 55.38913344251755, 56.115404014237924, 56.762041855029835, 57.32984102711397, 57.82369058406083, 58.2595120422596, 58.621923941105024, 58.93188794523563, 59.18482043145295, 59.36885616944355, 59.478297174748874, 59.52555194233775, 59.52430970148096, 59.45275818988816, 59.32044921094671, 59.116885315754985, 58.85647190814676, 58.52194632973422, 58.115922058066886, 57.66414002974392, 57.17129568021837, 56.619691261356266, 55.99727536351856, 55.32761681079889, 54.62313479732216, 53.87108609928202, 53.06276857687914, 52.214602834825605, 51.341949898901994, 50.43181915397462, 49.46945943568841, 48.461351635477584, 47.42951908634729, 46.372301523356654, 45.291832637562734, 44.19251988290506]  
=====================================
2022-07-18 16:57:57	haha
mIoU:[23.14783386128761, 23.39534055711472, 24.03983817888292, 25.096797542228472, 26.43419673999521, 28.03129080085938, 29.79173416400026, 31.63213454024761, 33.551921820285344, 35.4889231477084, 37.38887998698293, 39.26466825683657, 41.10361427979557, 42.8406644530416, 44.527973519018474, 46.15258986035955, 47.688630514349114, 49.17022936576741, 50.5402204817978, 51.795240920783705, 52.943194619434955, 53.98991461125148, 54.947680352650785, 55.777461202307634, 56.534739489847496, 57.21288772912916, 57.7880518830419, 58.27694741981373, 58.68406234421606, 59.027348107755685, 59.31168794546926, 59.52546279897831, 59.661771199524914, 59.7435762527339, 59.76402913189845, 59.73380213065988, 59.63998718776128, 59.507011899010905, 59.326789596832775, 59.077194630459175, 58.74342100361639, 58.35930852588186, 57.91657098175315, 57.4343823755622, 56.90028170673186, 56.325088942941, 55.682638742946665, 54.99900888960912, 54.29128253090201, 53.53857440582179, 52.75883536185363, 51.94680141399202, 51.10897494499871, 50.227324494937555, 49.30376078742569, 48.355108705324476, 47.38198104921631, 46.3812746344376, 45.34329266227879, 44.29201687850474]  
=====================================
2022-07-19 12:44:24	haha
mIoU:[23.14783386128761, 23.39534055711472, 24.03983817888292, 25.096797542228472, 26.43419673999521, 28.03129080085938, 29.79173416400026, 31.63213454024761, 33.551921820285344, 35.4889231477084, 37.38887998698293, 39.26466825683657, 41.10361427979557, 42.8406644530416, 44.527973519018474, 46.15258986035955, 47.688630514349114, 49.17022936576741, 50.5402204817978, 51.795240920783705, 52.943194619434955, 53.98991461125148, 54.947680352650785, 55.777461202307634, 56.534739489847496, 57.21288772912916, 57.7880518830419, 58.27694741981373, 58.68406234421606, 59.027348107755685, 59.31168794546926, 59.52546279897831, 59.661771199524914, 59.7435762527339, 59.76402913189845, 59.73380213065988, 59.63998718776128, 59.507011899010905, 59.326789596832775, 59.077194630459175, 58.74342100361639, 58.35930852588186, 57.91657098175315, 57.4343823755622, 56.90028170673186, 56.325088942941, 55.682638742946665, 54.99900888960912, 54.29128253090201, 53.53857440582179, 52.75883536185363, 51.94680141399202, 51.10897494499871, 50.227324494937555, 49.30376078742569, 48.355108705324476, 47.38198104921631, 46.3812746344376, 45.34329266227879, 44.29201687850474]  
=====================================
2022-07-19 19:33:29	haha
mIoU:[23.19230053821287, 23.440313060985048, 24.08605027117683, 25.145100923239696, 26.48515942888342, 28.085504827423087, 29.84936730360791, 31.69323056200187, 33.61666506328807, 35.557276817828246, 37.460740488866264, 39.34000226445056, 41.182553003309444, 42.923159957015635, 44.61409342173846, 46.242190687328986, 47.78177549278288, 49.267039517625285, 50.640745247144245, 51.89959681122293, 53.05095864121301, 54.10092147355282, 55.06170947700306, 55.8943198308691, 56.654343617390765, 57.33502000393918, 57.912594242596015, 58.40382336906412, 58.81341512197703, 59.15925406401803, 59.44593352924327, 59.662006267530444, 59.800427384224754, 59.88421840978803, 59.90660008024944, 59.93312272235484, 59.951379345236774, 59.96104170943345, 59.96278283317048, 59.95755445625027, 59.94685604395126, 59.93272573594387, 59.910543908899406, 59.87779009838847, 59.82687408228262, 59.754448105208404, 59.6600670014986, 59.545817618310295, 59.41261094365156, 59.25380592871483, 59.07454011469772, 58.875461461874345, 58.65391246147554, 58.40156940224048, 58.1150291769051, 57.79963402648767, 57.45318674137413, 57.07374426794003, 56.64551369590575, 56.16957610085899]  
=====================================
2022-07-19 21:54:58	haha
mIoU:[23.19230053821287, 23.440313060985048, 24.08605027117683, 25.145100923239696, 26.48515942888342, 28.085504827423087, 29.84936730360791, 31.69323056200187, 33.61666506328807, 35.557276817828246, 37.460740488866264, 39.34000226445056, 41.182553003309444, 42.923159957015635, 44.61409342173846, 46.242190687328986, 47.78177549278288, 49.267039517625285, 50.640745247144245, 51.89959681122293, 53.05095864121301, 54.10092147355282, 55.06170947700306, 55.8943198308691, 56.654343617390765, 57.33502000393918, 57.912594242596015, 58.40382336906412, 58.81341512197703, 59.15925406401803, 59.44593352924327, 59.662006267530444, 59.800427384224754, 59.88421840978803, 59.90660008024944, 59.93312272235484, 59.951379345236774, 59.96104170943345, 59.96278283317048, 59.95755445625027, 59.94685604395126, 59.93272573594387, 59.910543908899406, 59.87779009838847, 59.82687408228262, 59.754448105208404, 59.6600670014986, 59.545817618310295, 59.41261094365156, 59.25380592871483, 59.07454011469772, 58.875461461874345, 58.65391246147554, 58.40156940224048, 58.1150291769051, 57.79963402648767, 57.45318674137413, 57.07374426794003, 56.64551369590575, 56.16957610085899]  
=====================================
2022-07-21 12:37:22	haha
mIoU:[23.199610249810572, 23.402371998295717, 24.05581814861845, 25.183517816864082, 26.69766578975979, 28.457725734896332, 30.42750783713665, 32.48659678057979, 34.56937012525317, 36.64036759141179, 38.64916756382606, 40.63044023395764, 42.53442554248165, 44.336099426964076, 46.04166691542521, 47.62277651037714, 49.10547918317816, 50.48597358867747, 51.751073406918394, 52.907836836176244, 53.98277289849316, 54.973137821077124, 55.84670619922858, 56.6170440199687, 57.29384797817918, 57.87754360411333, 58.3732099989384, 58.78321763403756, 59.12988609615729, 59.416917288858706, 59.64555346073277, 59.839357604106034, 59.971084901380024, 60.03709747028599, 60.03967466825036, 59.97851030760002, 59.864219627608236, 59.682766721715986, 59.44771425185815, 59.160898183454, 58.82833122558948, 58.451599422082566, 58.02584628188059, 57.55993308982532, 57.05988650079783, 56.49031917624363, 55.868209664824796, 55.213887990550894, 54.51869499145147, 53.75785705035455, 52.94601302054366, 52.08588760971564, 51.1637398036103, 50.19531405368437, 49.1942360906324, 48.150294077181954, 47.07843723815239, 45.97603891419968, 44.85725751174484, 43.71753427395909]  
=====================================
2022-07-21 13:03:40	haha
mIoU:[22.908702526115547, 23.10577552364409, 23.7655258743854, 24.896969428118172, 26.394668371246716, 28.120654154122306, 29.99229627520823, 31.957165367795408, 33.94102301457446, 35.93521809498666, 37.896224484503996, 39.78307901908357, 41.590242261992636, 43.303332958211655, 44.90235911800251, 46.385096971850295, 47.75930663230874, 49.060028537266696, 50.24384246647988, 51.309524376757196, 52.2899008222415, 53.18679715458027, 54.00262022998172, 54.75104589398134, 55.43512659606273, 56.049700392885015, 56.586886287730906, 57.059123525721404, 57.456691218807535, 57.788183404187755, 58.06555461365153, 58.305851781148675, 58.491859798169024, 58.61927718774458, 58.69299712769557, 58.70069828802551, 58.65339441329829, 58.56155198407149, 58.41864802984611, 58.221654095163125, 57.97006245554675, 57.662447146336305, 57.2928596958721, 56.889870910353665, 56.44185878319266, 55.94198938923236, 55.39435967875909, 54.808969512260006, 54.17787135915031, 53.485878333973545, 52.73818159608544, 51.93978996105576, 51.1070733133628, 50.25094401619465, 49.3542618599917, 48.409961630492695, 47.42545982572873, 46.404023745120575, 45.34407569289646, 44.25886839330668]  
=====================================
2022-07-21 16:11:10	haha
mIoU:[22.581145183757815, 22.813307865641182, 23.434265207950176, 24.40522055970287, 25.685515751882566, 27.208458923836577, 28.903275624022957, 30.675020300795495, 32.512398062567726, 34.439728057158504, 36.403275160532, 38.33530814009502, 40.18179512159416, 41.93127782133325, 43.59141851475209, 45.124119266570844, 46.52783235636361, 47.850662782943296, 49.11255278358569, 50.276896053699794, 51.361616831687805, 52.35790411701811, 53.269884762814456, 54.12083861974134, 54.93680439381207, 55.70355000845316, 56.38513352414334, 56.97394023588751, 57.478926431724396, 57.924598628537716, 58.327039552156926, 58.67636672471007, 58.957575565673345, 59.162926870318785, 59.30204696868585, 59.37807152724366, 59.38984228599005, 59.34013972442539, 59.23234324807345, 59.0465644028347, 58.79284681131375, 58.47721248208856, 58.100345010390676, 57.65547242217851, 57.160359315955255, 56.60850309909489, 56.00636342574903, 55.35991714170937, 54.666943683849446, 53.91112227011276, 53.10846831249132, 52.27106053973427, 51.40279946365317, 50.5030257990011, 49.54974086254234, 48.56138387203531, 47.54946029722921, 46.498665297159064, 45.41869569309382, 44.32016985126068]  
=====================================
2022-07-22 16:15:35	haha
mIoU:[23.172269234324208, 25.284919641301457, 28.25682598528446, 31.41541637135075, 34.55999074814235, 37.45037041438157, 40.02879612397721, 42.321832963625006, 44.38831217056002, 46.28169366068297, 47.955620022612, 49.41195378483245, 50.70765945197847, 51.846942403253514, 52.82746887937301, 53.66706739061314, 54.38555920762784, 55.012219348536604, 55.53554597853216, 55.96120914248459, 56.28937979131838, 56.52279308636794, 56.668978960480686, 56.732674339285246, 56.71796374367253, 56.61699417591494, 56.442526249693614, 56.191303776531974, 55.882406202890834, 55.518197958917845, 55.09118493125447, 54.609450601038624, 54.07284818172074, 53.46709469322, 52.81032059633175, 52.12206099484765, 51.39183899437898, 50.625443497680024, 49.819753388553636, 48.986635780668955, 48.123629413000835, 47.231479902493575, 46.31116164865679, 45.36230878685203, 44.39513266735442, 43.406728520842854, 42.4105950241471, 41.39562099081373, 40.35897054330964, 39.314832111197504, 38.256642225336805, 37.18450585412154, 36.10664419250486, 35.012158768547245, 33.903457809641814, 32.804598059856325, 31.71061501861743, 30.618619153431748, 29.52882168656123, 28.45080412830417]  
=====================================
2022-07-24 13:26:28	haha
mIoU:[22.85656354792684, 23.1977726781857, 24.077497954023936, 25.30125313365359, 26.785213945543397, 28.465610862551, 30.295548505905206, 32.21693916318634, 34.136929740752755, 36.03080970701286, 37.86321564714341, 39.615017332740294, 41.25577488481366, 42.79630464091076, 44.25559454188314, 45.630253015450116, 46.910375918409756, 48.125323398072986, 49.26242184952973, 50.30104291785315, 51.25162246004577, 52.11498571693669, 52.89895904858787, 53.62402702858024, 54.27804210852693, 54.87722537028029, 55.43364046628857, 55.93010866830377, 56.371789297571084, 56.75357545206736, 57.085433798376265, 57.3607325379762, 57.57888872022436, 57.73971166252056, 57.83158558926653, 57.86097850120969, 57.84487174842051, 57.78119012029066, 57.67379496266234, 57.50830189620497, 57.27434720857336, 56.96383749684655, 56.597091992501404, 56.17778388814708, 55.69424249504029, 55.161008219049315, 54.58883028230991, 53.966255938143114, 53.30096590638475, 52.60649189520248, 51.860345041410504, 51.06976061811527, 50.21590599980542, 49.31095473401414, 48.37465707877699, 47.41165466447359, 46.441363007474365, 45.45539563460288, 44.431470057478705, 43.366424553589084]  
=====================================
2022-07-24 14:07:28	haha
mIoU:[23.208847496100482, 23.33055760533976, 23.687503455887963, 24.292683837811722, 25.12376381397101, 26.147592068492653, 27.361750830998034, 28.733345744219065, 30.250467877916993, 31.907640075887787, 33.699796697821455, 35.59485402934763, 37.53545847923439, 39.53399066452339, 41.475312672950324, 43.40847343489077, 45.26913636939101, 47.02755892075933, 48.69096011332753, 50.28794397165453, 51.770781290511124, 53.12727204097677, 54.36195734718209, 55.465964503769925, 56.42492399226791, 57.245592725147155, 57.97113681048802, 58.600732303741054, 59.10753875242707, 59.46697628288836, 59.722052136014625, 59.886298792977676, 59.963214357579595, 59.953086596729044, 59.8697068300606, 59.70649342517616, 59.47235298677427, 59.18069977409628, 58.82769364617639, 58.43156108448142, 57.99437311348872, 57.49418515775977, 56.942289768279366, 56.333561087537895, 55.67890693802776, 54.98762237710745, 54.260032931983794, 53.4914633407129, 52.686260170947776, 51.86398698622266, 51.018263870661706, 50.1497597415395, 49.25385653864935, 48.346222085542564, 47.42416977871931, 46.46486702672441, 45.478772840994516, 44.484985127537676, 43.484440650989484, 42.458526807251715]  
=====================================
2022-07-24 14:25:29	haha
mIoU:[23.542827669092052, 23.66096711179102, 24.020781340682312, 24.620573562151733, 25.44001790251398, 26.493890801087826, 27.763491635202485, 29.188554502005548, 30.748334586179716, 32.4292810997719, 34.19593940931133, 36.056443663840554, 37.96656665920014, 39.88114040039042, 41.84209796884662, 43.83095665433018, 45.75007688042804, 47.61635758641822, 49.38483794552908, 51.02674260583917, 52.54679602268681, 53.92334030848554, 55.12157351528022, 56.18689401527897, 57.1301130351779, 57.968801539829194, 58.64634700836324, 59.1900905685115, 59.62884560361565, 59.96018364071906, 60.193790008325095, 60.34120017539912, 60.4002172545599, 60.36556810996052, 60.22519478688856, 59.99653473451176, 59.686006802537825, 59.30235445470709, 58.85448433105287, 58.35466970048658, 57.79643388685679, 57.20326124358913, 56.57908604807912, 55.928370522167704, 55.23771226813646, 54.52892105768612, 53.79791879630205, 53.030938267537366, 52.24154510679101, 51.41621099132442, 50.5665032869541, 49.68850918671433, 48.77375955021323, 47.835354184504766, 46.875450472792195, 45.88738069588476, 44.87542236508785, 43.848775090373046, 42.810960008500246, 41.77451543089358]  
=====================================
2022-07-24 23:34:03	haha
mIoU:[23.327241600802743, 23.395585802699927, 23.63051979579432, 24.072850815322656, 24.726886374765492, 25.55554417407605, 26.563972571256656, 27.737227405623198, 29.061601883227805, 30.528921595701554, 32.158375695753016, 33.92066129007249, 35.75589547550661, 37.67155773929221, 39.57896728202077, 41.49281518643197, 43.38926207899353, 45.23997513175, 47.02444735680305, 48.73572932566119, 50.344276277547536, 51.83831533483618, 53.25503785702958, 54.526049716550084, 55.673134312082965, 56.66910076764955, 57.564776690421596, 58.33718768199999, 59.012226078137495, 59.56610039449759, 60.005824254179515, 60.35036262609881, 60.603693720846906, 60.76953336597022, 60.854487310956195, 60.86359737470589, 60.805988777196184, 60.67305580283323, 60.476845469267424, 60.214953403635974, 59.89385574590441, 59.52386176682272, 59.110959937143626, 58.66288829910168, 58.15645830708319, 57.584297199969946, 56.940873460907845, 56.230771276049, 55.484133530758385, 54.6957118000295, 53.86163522857459, 52.99594042731527, 52.1003767660124, 51.19465253919827, 50.27042307733793, 49.31002078861376, 48.34278103469208, 47.35461131001144, 46.34347040923652, 45.29602304055352]  
=====================================
2022-07-24 23:53:55	haha
mIoU:[22.905906184975684, 22.973345756745157, 23.23697913119125, 23.693463474326386, 24.326597033905944, 25.159895772334895, 26.16857707256378, 27.366398511752415, 28.723528735010024, 30.21695094660386, 31.822788125202432, 33.52157574068409, 35.28976015533088, 37.09136118822538, 38.967682983631605, 40.824303643192, 42.654870732786954, 44.45905237365855, 46.187736408866606, 47.8127787303511, 49.31384224241725, 50.73101450814954, 52.0478418664493, 53.25511307533765, 54.35055598857118, 55.31165773022304, 56.15834716416159, 56.8861266588191, 57.50860337565216, 58.04238272158931, 58.47914206842806, 58.85168659330662, 59.15675688480542, 59.38872062587796, 59.55728060891141, 59.6410288265386, 59.65159726638295, 59.61037281556712, 59.50278656731498, 59.317488192624225, 59.06935138295511, 58.75419650692082, 58.39742835655356, 57.99414329708783, 57.54374348319512, 57.044125867016625, 56.47603734548563, 55.86940367850741, 55.221098224073685, 54.53076999785943, 53.806096651345484, 53.036914964054304, 52.217140050839205, 51.36304345277629, 50.46259617194433, 49.504814706730535, 48.51836612133864, 47.51040478139825, 46.46765355652469, 45.40951826887404]  
=====================================
2022-07-25 13:03:08	haha
mIoU:[22.98098290330787, 23.088701476037844, 23.430373669388942, 23.97480811012409, 24.719806884710373, 25.66893092240302, 26.814298280552762, 28.19227677169093, 29.749950604673796, 31.457447626886136, 33.27822542265034, 35.19670836783943, 37.176996092912326, 39.17944188776165, 41.17015527265255, 43.11985823718584, 44.948335830343716, 46.688867011506716, 48.328717918288625, 49.85855392606005, 51.250024966986395, 52.54194449910642, 53.75604977375315, 54.84454002708671, 55.786801383206516, 56.64315647176886, 57.3679118494048, 57.99814485680239, 58.523295023651364, 58.952876064583414, 59.31035794876948, 59.596074984743595, 59.80743912516425, 59.94335417061502, 60.032229075384436, 60.0640135605489, 60.04097921428793, 59.95329341274975, 59.78790706587317, 59.555271451551896, 59.27151085314786, 58.95777595183015, 58.605425622274424, 58.19385444854448, 57.73865306486312, 57.23279799898261, 56.67429867179139, 56.08122562193216, 55.453471798965225, 54.79128163107732, 54.097859745146124, 53.370061069036744, 52.615663188615436, 51.832550402008536, 50.997170466403695, 50.13237089898499, 49.23768921756109, 48.30808472979933, 47.335423332523455, 46.32608040816103]  
=====================================
2022-07-25 13:13:01	haha
mIoU:[23.291782215148935, 23.382363887875016, 23.676321949760435, 24.20555067677422, 24.964814031626062, 25.938315856456594, 27.10767384743568, 28.463639299694716, 30.008855971283417, 31.698418470921975, 33.52438035096117, 35.46038854765356, 37.499794065677236, 39.582547354625305, 41.651285567057144, 43.68395757616329, 45.64501381486998, 47.48060560013511, 49.22327986764871, 50.8119506296451, 52.30852286359033, 53.70850670462691, 54.88557250959191, 55.91049831938554, 56.83463547963669, 57.67814813729315, 58.41045827218642, 59.04344995199317, 59.55652430331854, 59.985590248485046, 60.329106145756185, 60.58904271018799, 60.776282257772365, 60.88984422950288, 60.942703569567826, 60.93345855663377, 60.87653241403185, 60.76574294591147, 60.6053554667776, 60.390696653241434, 60.12143158360412, 59.80530495440208, 59.434965764156956, 59.02180434739721, 58.56283027876907, 58.04907754541968, 57.47788004185118, 56.861075819184414, 56.20212241357096, 55.490275628621674, 54.741268572069814, 53.97855609172477, 53.19485167092992, 52.36579787870834, 51.497640475332815, 50.60962334273291, 49.68127389571042, 48.710488907133175, 47.72516321451031, 46.702416222486335]  
=====================================
2022-07-25 14:13:11	haha
mIoU:[23.39311643989802, 23.463469330733172, 23.712145467373283, 24.17712985278142, 24.868547874466127, 25.809381922764597, 26.99753512552429, 28.382536881994447, 29.94123990510414, 31.682565775646992, 33.59969440466023, 35.65749307342909, 37.82133887131679, 40.03957681925048, 42.309104647420746, 44.55952265917019, 46.75902936450596, 48.79002693766436, 50.66490494391155, 52.40449470070677, 53.963726203335774, 55.3661387025905, 56.62861462428266, 57.72278938575197, 58.66279825971799, 59.482940195983204, 60.218055038950226, 60.859922627863526, 61.38334722974468, 61.77954195390478, 62.07248328785321, 62.268440373894116, 62.376852922185634, 62.387421406029894, 62.30942838034268, 62.13980705962425, 61.90266505483415, 61.63298488119755, 61.296140039537406, 60.89402281047469, 60.457030121935595, 59.9952335815294, 59.504862066460994, 58.972568136219095, 58.395018202029505, 57.75734844065909, 57.07225022619961, 56.33653691719774, 55.557320710549426, 54.72647418891171, 53.86629279156077, 52.98091030867313, 52.07419340841057, 51.13978599363548, 50.17415785048813, 49.16538869084986, 48.11283088535707, 47.024157942940626, 45.909281860360416, 44.77692768665389]  
=====================================
2022-07-25 15:31:21	haha
mIoU:[23.109981008891737, 23.193560597718324, 23.48248684437445, 23.975117568955888, 24.65907345687712, 25.59605648426263, 26.755845514863136, 28.138069214696564, 29.74519818071146, 31.5751853761839, 33.54133183028887, 35.59848244904109, 37.6994025994066, 39.83224743934924, 41.940445950894414, 43.99278157868581, 45.95438954546354, 47.81653771441247, 49.53288715386922, 51.206184882179684, 52.741734836894, 54.12655619795783, 55.371613036930455, 56.496433811650924, 57.4728626710207, 58.301386399435486, 59.001579842832406, 59.62317424895544, 60.1049583968566, 60.469701585890654, 60.729257941685574, 60.89125028396282, 60.96696554710083, 60.96546628875223, 60.893699692886514, 60.75677856532692, 60.549350465592354, 60.2694171378932, 59.9296714039428, 59.54590202597737, 59.107452801187264, 58.63109105001316, 58.111275427596794, 57.55952102223889, 56.975007979673094, 56.361479676413936, 55.718680484187175, 55.031128490080285, 54.31630349273564, 53.569306857885934, 52.76983242610951, 51.93895358085202, 51.07172802091744, 50.16052392653086, 49.21132095663193, 48.24198552646317, 47.245733816865545, 46.218416209242804, 45.180325976500654, 44.100460278292616]  
=====================================
2022-07-25 20:40:54	haha
mIoU:[23.34446176379811, 23.42244188732114, 23.698680446282204, 24.20338747913035, 24.927138554807428, 25.8921466650075, 27.07108310641947, 28.432287063788458, 29.993902184943295, 31.71670562086632, 33.58957097128958, 35.56055385278715, 37.6474373985722, 39.80820721117229, 41.93406899903359, 44.011101446831965, 46.01352743674801, 47.87359018052317, 49.597425754356664, 51.20187909872027, 52.659655115700474, 53.99575458764605, 55.205041224103944, 56.232773554944124, 57.15763399169595, 57.97295736301989, 58.665050935424134, 59.267979992254325, 59.76310201081516, 60.13661967530659, 60.40746566030497, 60.60558887187006, 60.736364713329415, 60.7751674793898, 60.752426381216715, 60.688931945667534, 60.56582462198917, 60.37007476820933, 60.12456221346698, 59.812764999404, 59.44317534200441, 59.03720876794932, 58.588976046098416, 58.093203636375556, 57.55721101510337, 56.963356077612126, 56.326690407330645, 55.63746591957519, 54.900906018069726, 54.11957967901395, 53.304022743699164, 52.453708688892974, 51.58022272767078, 50.69273150940643, 49.77905482387853, 48.845772225369025, 47.87837344971729, 46.876260359063934, 45.84262935090315, 44.778110195756646]  
=====================================
2022-07-26 13:06:47	haha
mIoU:[23.292919065760167, 23.759094626293354, 24.424003742467672, 25.183651003475465, 26.070144519622918, 27.057836606145138, 28.139789492739276, 29.324760313636993, 30.61821818772483, 32.006821706511616, 33.508777003692664, 35.11109293812448, 36.775863141949195, 38.49922148536377, 40.229630976007606, 41.9521125044473, 43.64995528810565, 45.31468486484558, 46.92058602980711, 48.45932807254541, 49.93429547091212, 51.31227587435203, 52.59390254932792, 53.78874382452269, 54.87047125635692, 55.836161618724454, 56.720093476428666, 57.53921637850154, 58.28523322608001, 58.96387218860679, 59.548489403980554, 60.03377537248345, 60.432016350823794, 60.773689529904814, 61.04496375005244, 61.24544914814244, 61.3871023682871, 61.45391461061399, 61.46130364545117, 61.396409197013334, 61.271372330579034, 61.07243691628135, 60.81303539952889, 60.4789916516627, 60.09083846223204, 59.63647142214299, 59.10433319117266, 58.51036689039702, 57.88268900216514, 57.21407810117862, 56.496230128886005, 55.72462661348896, 54.91371064462405, 54.06065922404905, 53.17831155049825, 52.26244787026065, 51.2887114273881, 50.27232331985287, 49.22083283636969, 48.132331441540394]  
=====================================
2022-07-26 13:20:55	haha
mIoU:[22.873784812975835, 23.259530528892057, 23.91901417968776, 24.669692920273967, 25.49375107611769, 26.44651108503092, 27.526219898108117, 28.73851481230082, 30.03249662157808, 31.426786181763962, 32.89886911096107, 34.441378001163386, 36.03421791005645, 37.68420601882092, 39.35324542551273, 41.0190863400621, 42.62627989111418, 44.17917156141741, 45.670588814381006, 47.08056417729572, 48.423562101363366, 49.67646835975056, 50.81996876403163, 51.868818713394724, 52.84755266776154, 53.748091887385655, 54.56385221529034, 55.31544205852297, 56.01321538775873, 56.639693979458336, 57.2138818920134, 57.724838917934264, 58.17440741775059, 58.56217283905257, 58.87789745762022, 59.11056934136174, 59.265553723060705, 59.36200963894189, 59.39781168763759, 59.38776147371227, 59.32572580098379, 59.190388265058424, 58.99564244350238, 58.7456447263199, 58.433944092444804, 58.06253040312932, 57.630208728067814, 57.12975034912493, 56.57840335945811, 55.9732151324821, 55.308712433543825, 54.58966003487774, 53.82841434740554, 53.01297416313558, 52.147052238255576, 51.23943538243868, 50.29826181294075, 49.35026188064946, 48.38434905391231, 47.385779929351244]  
=====================================
2022-07-27 15:46:32	haha
mIoU:[23.39311643989802, 23.463469330733172, 23.712145467373283, 24.17712985278142, 24.868547874466127, 25.809381922764597, 26.99753512552429, 28.382536881994447, 29.94123990510414, 31.682565775646992, 33.59969440466023, 35.65749307342909, 37.82133887131679, 40.03957681925048, 42.309104647420746, 44.55952265917019, 46.75902936450596, 48.79002693766436, 50.66490494391155, 52.40449470070677, 53.963726203335774, 55.3661387025905, 56.62861462428266, 57.72278938575197, 58.66279825971799, 59.482940195983204, 60.218055038950226, 60.859922627863526, 61.38334722974468, 61.77954195390478, 62.07248328785321, 62.268440373894116, 62.376852922185634, 62.387421406029894, 62.30942838034268, 62.13980705962425, 61.90266505483415, 61.63298488119755, 61.296140039537406, 60.89402281047469, 60.457030121935595, 59.9952335815294, 59.504862066460994, 58.972568136219095, 58.395018202029505, 57.75734844065909, 57.07225022619961, 56.33653691719774, 55.557320710549426, 54.72647418891171, 53.86629279156077, 52.98091030867313, 52.07419340841057, 51.13978599363548, 50.17415785048813, 49.16538869084986, 48.11283088535707, 47.024157942940626, 45.909281860360416, 44.77692768665389]  
=====================================
